0
0
0
0
0
0
0
0
0
0
0
0
0
0
0
0
0
0
0
0
0
0
0
0
0
0
0
0
0
0
0
0
0
0
0
0
0
0
0
0
0
0
0
0
0
0
0
0
0
0
0
0
0
0
0
0
0
0
0
0
0
0
0
0
0
0
0
0
0
0
0
0
0
0
0
0
0
0
0
0
0
0
0
0
0
0
0
0
0
0
0
0
0
0
0
0
0
0
0
0
0
0
0
0
0
0
0
0
0
0
0
0
0
0
0
0
2
2
7
7
18
18
29
29
48
48
76
76
114
114
168
168
244
244
354
354
498
498
701
701
976
976
1338
1338
1819
1819
2444
2444
3253
3253
4284
4284
5580
5580
7204
7204
9206
9206
11643
11643
14581
14581
18076
18076
22189
22189
26964
26964
32438
32438
38642
38642
45566
45566
53203
53203
61500
61500
70382
70382
79748
79748
89460
89460
99357
99357
109254
109254
118940
118940
128199
128199
136801
136801
144532
144532
151179
151179
156560
156560
160523
160523
162947
162947
163762
163762
162947
162947
160523
160523
156560
156560
151179
151179
144532
144532
136801
136801
128199
128199
118940
118940
109254
109254
99357
99357
89460
89460
79748
79748
70382
70382
61500
61500
53203
53203
45566
45566
38642
38642
32438
32438
26964
26964
22189
22189
18076
18076
14581
14581
11643
11643
9206
9206
7204
7204
5580
5580
4284
4284
3253
3253
2444
2444
1819
1819
1338
1338
976
976
701
701
498
498
354
354
244
244
168
168
114
114
76
76
48
48
29
29
18
18
7
7
2
2
0
0
0
0
0
0
0
0
0
0
0
0
0
0
0
0
0
0
0
0
0
0
0
0
0
0
0
0
0
0
0
0
0
0
0
0
0
0
0
0
0
0
0
0
0
0
0
0
0
0
0
0
0
0
0
0
0
0
0
0
0
0
0
0
0
0
0
0
0
0
0
0
0
0
0
0
0
0
0
0
0
0
0
0
0
0
0
0
0
0
0
0
0
0
0
0
0
0
0
0
0
0
0
0
0
0
0
