0
0
0
0
0
0
0
0
0
0
28051
-22165
12750
25790
-9163
-4758
-32767
-16851
24721
12997
24844
-32667
13563
31647
-18728
5023
30515
9158
-23826
31021
30228
31265
20610
-28192
26046
15253
3109
-23823
-24429
-30090
32415
-26814
8963
-9460
31466
32145
15120
-8108
13409
-6518
-7652
15203
18861
31949
-3699
-5302
32055
29615
-32597
21593
26233
23034
20266
32066
-3873
-26889
31654
-21194
32583
-1194
17059
18475
25647
10143
32585
26578
-15246
-30614
-31379
20959
-31356
-26306
-307
-27233
26596
-19829
32762
20577
31733
1090
-5694
13467
32367
-11593
-814
-31008
2009
-29029
-18774
6335
2892
3738
22211
-27847
32424
-28424
-11654
29206
-16678
12577
-32000
-12634
11000
-17685
19288
-11415
-25585
-27437
-24902
32765
-16907
15543
9420
-5487
-23744
-93
24614
25733
-23197
20653
-2021
-21543
32678
31103
-24411
-1153
-17617
-9031
-29620
-14975
21898
20724
-18547
29912
-25897
-6598
-32208
6408
-8323
4728
5198
-32498
32177
24890
28101
20397
-16382
23888
-32620
-7002
30926
-3063
-31920
19626
6
-32757
-17932
18512
18691
17220
-4583
-23249
32439
-24399
9634
-2306
12010
31823
-18272
-10122
30202
-3297
-23019
-22034
18303
-19041
23063
14016
27154
-30262
10558
11464
-22916
-1638
29820
-18112
-5097
-18483
32735
14924
-28897
21325
-29227
-29689
-20486
31020
-19177
19630
-3094
-30930
15540
6838
21991
30168
-32207
27279
-21801
17913
6140
28632
-4444
-14420
16538
-942
25422
-26924
-32471
-12417
26833
25577
24786
25523
22730
-12477
-27633
32600
6180
-27227
30632
24665
-25152
18199
17378
-32278
11462
27673
-31420
-23627
-20015
-32065
29518
11008
-7578
927
17226
-20522
-32523
1177
20709
-27562
-29622
3383
-4915
29184
29677
-18187
-25348
-30762
-10178
29532
10872
26744
-16604
-28053
-8235
-21508
-25203
32756
29296
-12128
32714
30905
22748
27844
26065
-24139
-23350
30657
5526
11548
2126
21042
31070
14684
-22707
21212
-4542
10248
5777
19113
-32704
-18328
18516
32455
22324
32436
-5308
-404
1107
-12151
32629
32735
26600
3234
-6293
17766
32403
-30790
-31515
26059
-25279
20507
-32705
-30795
-31496
29597
26577
-22332
985
-23926
-3825
32192
-21333
32472
-32747
32762
28556
4498
23300
3968
-32665
-10140
26467
-25494
-19468
-18086
32286
18210
7587
13194
30588
-19146
3402
-3675
-28048
25444
32325
-26863
32679
-32225
10993
-31694
21803
29749
21021
13024
24767
-27615
-6572
16883
-24483
-30781
20168
-11308
-14626
17259
25578
-17714
31832
-26944
-26879
-21311
30010
21113
-31393
13892
-25413
-19681
-22872
22000
32764
-13337
-25864
-13350
32696
29617
2799
17812
-31061
-22759
-25170
-15891
-14120
-25446
20104
-10152
12442
24467
-29657
32271
-16686
-472
-6022
23605
-24072
14885
32225
-32191
13572
27678
-29950
3045
27579
32148
18816
-32663
18291
18824
22742
-17580
1798
8968
28996
17285
-4380
23363
7388
32722
-1937
-17558
10221
-4382
27435
10249
32727
-6553
-31277
25666
23133
-26774
26656
-29390
26678
-22566
-10647
12226
21408
19579
-32099
32455
31131
9591
-19392
-23860
-28601
29899
-27186
-27553
31427
15336
-24334
-19929
-32501
-19272
20806
14761
13279
32742
-22865
-24733
8883
-8998
32713
26960
-20810
-32610
6844
17204
-11652
31692
3770
-6773
4168
31376
-2172
-31730
31968
-22713
-17796
21206
1700
5558
-18226
-15656
-31774
29162
20063
-22171
31237
-24732
11680
-32231
26065
-11354
-8574
24643
24824
32534
19112
18642
-31763
14502
31035
32055
-21321
30134
-25121
-25217
-12690
15829
23953
-27742
-24151
-24024
-26639
32163
-20865
-2205
-30522
29711
-29383
-22642
24948
-30519
9421
-32721
27138
-14393
32656
17157
-23812
29175
-27084
28447
-15922
6218
-16831
-14497
-23122
-31078
-30586
-23594
17976
17350
15093
-21459
-32738
32706
-3853
31675
-29579
21603
28767
-28252
28760
-6416
11942
-23220
3773
28531
21532
-18991
19802
-25897
-23344
-17730
-10186
-24362
23783
22992
9311
8546
-18787
24420
13909
17566
28233
-991
-15366
30976
-18142
18557
-23119
-19218
32210
-32751
22870
28423
15581
-24189
-30367
30957
21724
32640
32271
-20400
-1801
32493
-30936
19375
20264
-26717
-20703
26763
-27742
-24541
-32593
31809
-32220
-17494
22914
-3940
-31328
32764
-32407
-20385
11465
28146
32064
32037
26895
-26648
22580
-32436
24526
-17792
24424
-29687
-31874
20537
32737
-10224
-14875
-26487
-6238
15738
26254
-7334
-4581
31611
20902
16226
21530
-18840
30181
-22150
-20434
32738
14266
24646
26003
-22822
-18992
-13392
-19825
17782
-9339
12404
13428
-29679
20016
31132
30694
-13293
19970
-7994
21379
-10440
31225
-24615
-32560
22231
-31866
16530
-31233
14168
-14506
-23376
-20577
24581
29575
-10087
16320
21831
1161
32720
20036
5206
31934
-28308
30168
20471
31427
-20669
-31688
29463
26663
-8768
32050
24587
11211
31662
27524
-32328
-31617
27661
-10694
26005
-5463
-16652
2314
5570
15421
2574
9478
-32138
27910
27082
24258
-20409
4381
-5188
24934
28645
-28861
21366
27406
28324
-2481
-29245
-23727
-9005
32440
23657
-4883
-22389
-3902
19718
-20626
-25859
16681
7466
21657
-32559
2246
-29782
-14985
32498
-5360
21533
31173
-19654
28048
27859
18646
2738
-28365
24731
15968
-31364
-21575
14356
-1846
12171
-22141
18640
32247
-23314
1784
-31312
16169
-24181
-29829
28278
-26695
-26527
-21121
-13942
-6155
30175
-6298
-4204
32000
-5337
-32367
-27797
-32458
11567
7644
19452
7982
23057
29243
16151
29850
20969
10976
28431
-32753
22105
22552
20046
31103
-27919
28773
-9835
21645
8519
-20474
27183
-15436
-24281
25442
-27929
32561
-26497
3242
15409
-14054
11001
-28403
8859
-30175
-18933
-484
6705
26363
-30717
-20219
6643
32763
27138
31335
-3754
28588
31977
-32524
15584
-11907
-24921
-24636
-18552
-32169
-3642
15253
31641
32706
-24296
19123
15353
-993
-13795
-32761
-7238
16013
24659
-25785
2162
-10798
-27598
-21747
12175
10008
18943
31710
-4947
-28684
-32324
5858
-6359
29482
-21722
23646
-26868
27230
-24002
-875
-3749
-26482
-14769
32497
-21756
6750
-6151
-18079
7626
1864
-31939
-22018
-17956
19145
-26963
-30349
-19631
-16654
13918
19102
30643
14666
9739
26467
29930
32724
13084
-32766
-21779
16785
-24635
23975
28290
-5124
31834
-27745
22796
-29319
11600
22521
-21875
2166
-716
-16699
12700
-394
29070
-25873
-21973
-545
17211
14891
-9307
-26729
-27563
-31014
-32738
-14257
21761
-32254
9859
-12608
-31874
32623
-16548
-18574
10635
-13332
-9414
32187
25027
12928
-32763
30977
31362
15089
27625
32506
12577
-5262
-6784
6393
-32077
-7796
10889
28278
-15128
-27744
10705
-27512
-28964
-28592
-18919
11706
-6926
-18106
-1379
-951
-2405
-23510
31758
-21338
-14602
29154
24653
31504
32741
-29382
-30085
32594
25688
-7235
-16680
-30108
-31621
21393
4127
16953
-19383
-25182
13211
17224
-13258
21578
-32717
22839
32670
-7750
-32058
-15901
-32673
32263
-9434
21343
-21522
10769
24784
-19317
-4281
-29307
4991
-15223
21075
26929
-30180
-27043
31727
19059
14806
-24762
-22542
-15573
-25330
21692
31005
-19595
-14128
11317
-20921
-23347
-21424
3192
-7258
-10269
24730
24222
32249
-10070
-31248
32378
-14215
19764
-29850
-21297
-24138
32699
10259
22697
-13151
-17568
30876
-11008
30790
21736
-31437
6007
25553
-11125
9177
-5373
-23321
-25980
22183
25377
-10581
-3038
-1918
-28266
27263
-26646
32767
8341
-25770
-28099
-2056
6634
-8155
7865
-8145
-7175
12529
-17693
19278
26063
19075
30612
23491
17559
29045
17841
-24279
14573
29757
-28393
13751
-23339
-19557
28179
-25719
-23541
12803
15962
25469
32760
21291
28860
-30725
11303
18529
-14918
-29819
-24683
-19240
10298
15797
20175
-18943
27196
7830
11756
13760
-31186
21422
-26807
24005
-3993
-32464
-25323
5129
-8312
13109
-24576
26831
18155
-11317
-13234
-14359
-31700
-29802
-12828
-15680
21785
-22751
27400
-8579
-30478
-26056
-22298
-20109
-6781
-25553
-19691
20574
-208
17678
32767
-27184
-18303
-22879
-18253
19858
29980
6029
14251
24561
27200
-11847
4331
30761
18945
-18568
27057
-32148
-29601
30347
-24513
12068
-17139
-17807
-11028
15562
-5201
-3493
23547
-32291
19740
-8537
14653
-20940
24361
-23297
3727
-13027
6243
-19544
-30341
-10509
25459
23782
22982
20724
32240
1307
-31578
20292
-31779
14567
21637
-23324
32536
22168
9074
31912
32503
-23532
-32383
17905
7716
32526
31080
-25281
17821
-22449
-24021
-3877
-17250
-15816
702
-28868
18149
15278
-22746
29238
5946
-10231
-20014
-29127
-21876
-32762
954
-29044
-17701
24693
23334
-13890
32730
-24023
-30456
32664
2760
-24003
1071
-5572
-17837
4059
-32274
-22968
31195
-12144
-29622
29938
-14205
-18770
-32760
30044
32713
-1372
32134
32763
22078
-9355
27523
21871
6746
11625
32565
-11135
-16934
27916
28587
32638
-29675
23000
-19340
28697
17034
-20876
-16118
18528
22460
-11702
32188
-15677
-11434
-11792
32343
-10374
11533
32413
31602
29707
18053
-22071
19003
6092
-27027
-23844
-1662
-25637
13922
32110
-20495
24406
-18058
1806
14749
-17558
-7774
32743
14477
-21790
25005
32354
266
29674
-3544
-15960
-30770
-8482
-16871
-12932
26104
30612
30491
-22000
12641
-16544
23492
681
24585
-27883
-24134
-26969
-20672
-29180
-27300
28960
-26967
29720
31715
-5362
14258
32366
-13536
-15514
-24442
30941
-18793
8858
-23845
-32767
30892
32713
21322
-25538
-32767
-19861
-16217
-6210
-4098
-21038
-31413
-32086
31393
20398
3187
21863
23282
18032
3566
-17362
1479
-12242
-854
6906
32418
30370
-28198
-28166
21733
31567
25525
-27449
32254
31235
-19743
-5603
31669
-32332
24895
590
15888
-13760
-30781
-7064
28021
24878
-30954
-23759
-19479
-26013
22348
-11855
-26610
-10728
9139
-25278
26414
-22973
-12090
24578
-17207
-23765
13296
22477
27384
-2201
30677
-28215
30407
24698
3074
23475
26235
32702
28817
18494
-19943
27218
-13477
16331
2738
-25596
-27789
13289
-14447
17584
29691
-17221
-18216
5322
22970
-30556
1805
-24482
19696
32722
32566
-8712
14095
-1388
-11506
28606
-31118
-32767
24645
20001
-32756
27703
-23456
9036
25757
32744
30620
-25231
-7915
18043
-16109
2471
-31568
30028
30187
29530
20457
31066
-32267
11964
-18200
-31438
32721
-29741
-28440
25776
-11360
18014
24036
32209
-30403
28791
-6342
26504
-30506
21306
-30089
-30545
-8899
-29444
21879
22480
-17098
29990
32639
12326
31645
-15928
-32241
31541
-24318
-32094
-27947
-28762
8277
22554
26617
23600
-2603
32494
-25025
-5632
26569
28181
16731
31353
25883
-6703
-31795
-4449
5665
12318
-21023
31301
17489
32759
32281
13741
-11290
31357
-5464
-13197
-4114
-22780
19307
-29101
-30075
-31170
-32629
3061
-6074
-31524
1249
14014
-14010
-26264
-24181
26551
-26961
20001
32001
30485
-32212
-18840
-32738
28232
-28094
-18848
-23542
-30580
-29625
-2579
-22774
28804
32737
18419
-2877
-28360
-29812
-28643
-16717
32095
-8536
722
19906
-32478
-27287
31197
-24802
20772
-2389
24327
-17319
-24650
-17499
-21579
-27030
22887
30949
-22718
30450
-30044
-20798
32429
31744
29174
-30996
-27928
9696
3933
-31287
28191
31781
-20356
-10514
-26995
-29462
-5452
-7553
-32682
-24491
-2677
28763
-30044
-9515
20359
-27258
-32649
31894
-32001
32065
-17471
2211
-26131
-11982
-27877
18395
29629
25695
21212
-22134
13050
-30272
31715
-31455
25490
-30094
32562
12627
-20359
-29453
-24252
-29030
-18339
15936
32757
-14694
16632
32765
27747
27341
-23986
7373
-21571
-22469
-31874
-30700
-10371
-16000
-12518
14508
-1490
11569
5729
-19361
-14093
30177
22918
4508
19683
29906
23441
-19735
21430
-8690
26106
-32722
12100
-32384
-21918
-28626
28682
24197
-24342
-1726
8783
32400
31995
1746
-12989
-7467
32556
-32687
20685
-29705
24183
32168
16109
-7751
25723
-21100
27272
-26691
15417
-32105
-21439
29464
-31453
20914
-24990
13132
-28020
26965
32625
23878
-15638
-30718
-28687
19683
15888
21940
27258
27609
-24992
22142
-19667
-28929
-27142
21892
32670
20163
-28880
723
32676
26269
-15111
26063
-32697
-29613
-20820
-32137
27921
-32669
4238
-27754
30066
32706
20711
-32631
27027
-23889
24300
32217
25267
-30574
23664
-26234
32076
-29020
-5125
-19956
28049
16282
444
27574
16166
-22925
-29833
-5811
31653
32761
31993
17077
-24274
1492
22212
-29587
-16805
16329
-18650
13045
32695
29102
2814
-22251
-13537
-18259
-16968
-32582
18253
-25677
24602
-14207
-21774
-26484
-3222
10696
-12948
30958
-20058
-17637
29032
-2982
-30616
-25263
29594
32752
9322
-24229
-9955
24542
-24480
-7968
26051
-26751
-28444
-2778
5764
-27720
-30772
-31436
-17865
-27184
-19045
-32666
-18467
-29281
-32270
16223
-30388
25068
-18173
24507
-27370
28431
-21134
18589
27028
-15712
16167
-4113
-21122
28571
-16687
-8607
9988
25552
-30259
1813
14637
32017
-12061
-31677
20248
-12419
24959
20983
21011
-24425
28589
-2620
16705
-17185
-25538
6906
5261
-10642
25642
-15848
-32757
-21098
-6803
-19784
-23361
-29775
31560
14030
32051
-16209
-21935
26699
-25324
-28343
-15223
-27619
-26577
-29706
11926
-27899
20831
-26949
6541
-26969
-23837
20186
-21635
-16095
23290
26543
-14799
-32760
32766
10406
27794
-4678
-32490
17268
-3552
-17620
-12268
30343
-10109
-3106
18290
-20589
28714
11311
23023
-18087
-17306
2317
-27854
27351
-32662
-30267
13217
-26348
-3948
10605
15920
-32637
-32526
23347
17391
-31122
30521
26760
-32216
14992
-19189
31723
-20491
-2873
25778
32754
21036
-31826
-23015
17075
-28837
-26382
-26893
-32490
-1659
-24583
29764
290
