0.856143132929
-0.676348547718
0.389108784474
0.786977719825
-0.279624213418
-0.145211695706
-1.0
-0.514245712286
0.754475067481
0.396618591686
0.758226555552
-0.996927058062
0.413900356274
0.965705214604
-0.571485992202
0.153314965298
0.931153539705
0.279469313735
-0.72705382803
0.946703806871
0.922492327179
0.954182009469
0.628921450877
-0.860385542169
0.794798474946
0.465497386837
0.0948882767065
-0.726989041825
-0.745467796301
-0.918271733472
0.98927155407
-0.818535099173
0.273559558165
-0.288690358541
0.963382524034
0.980922743878
0.461600421327
-0.247432935438
0.409227716223
-0.198924279351
-0.233554289258
0.463977103858
0.575559090484
0.975053153792
-0.112891692955
-0.16181290383
0.978312116926
0.903810997047
-0.994874103834
0.659290524813
0.800525076461
0.702978587663
0.618445882194
0.9785799286
-0.118214876033
-0.820640775295
0.96594232523
-0.646745680996
0.994362334298
-0.0364432568841
0.520550639135
0.563766101876
0.782643490509
0.309497716895
0.994431372549
0.814867365824
-0.465299597597
-0.934199742419
-0.957514003099
0.639558905639
-0.956958762887
-0.802846131041
-0.00939951311874
-0.831239291833
0.811563488747
-0.605068952665
0.999808392412
0.627900812107
0.96843638718
0.0332845777889
-0.17377671425
0.411030609769
0.987797280956
-0.353782211139
-0.0248498313174
-0.946355114977
0.0613368390781
-0.885839051778
-0.572874571835
0.193367786391
0.0882656299587
0.114076415697
0.677751692385
-0.849861987382
0.989538049969
-0.867477458587
-0.355634538992
0.891227643266
-0.508899068789
0.383829682501
-0.976595116603
-0.385605886411
0.335846904505
-0.539692427487
0.588689824945
-0.349233811172
-0.780859685033
-0.837307362215
-0.759871430918
0.999924253901
-0.515910359678
0.474358327871
0.288370656371
-0.167449648821
-0.724658751312
-0.00285908781484
0.751163306005
0.7853200883
-0.70784981031
0.630233583076
-0.0616837201564
-0.657390791317
0.997308119385
0.949209686775
-0.744891079441
-0.0352231003796
-0.537581467838
-0.275602409639
-0.903974358974
-0.457029566417
0.66821023385
0.632380109807
-0.565926734595
0.912873012416
-0.790294686154
-0.201386868393
-0.982962898902
0.196377677668
-0.253956292389
0.144313646577
0.158607702588
-0.991816360488
0.982281078057
0.759513953799
0.857495677945
0.622394487511
-0.499980110585
0.728941399863
-0.995493159973
-0.213665702203
0.943743014447
-0.0935029443342
-0.974140241179
0.598985139543
0.00021179709838
-0.999636183231
-0.547198702936
0.564881672858
0.57045162164
0.525481123852
-0.139867424242
-0.70957231668
0.98999015425
-0.744576529904
0.293979740788
-0.0703810902074
0.36649141581
0.971220449569
-0.557549553304
-0.308873196193
0.921627906977
-0.100615510874
-0.703278237756
-0.672441797509
0.558466565527
-0.581145113524
0.703775704165
0.427769985975
0.828694528221
-0.923501443369
0.322183098592
0.349890581775
-0.699371958574
-0.0499980545504
0.909981156855
-0.552661381653
-0.155552978468
-0.563994984568
0.999045953252
0.455422823012
-0.881810120268
0.650727428327
-0.891974535064
-0.906055209261
-0.625129406637
0.946891917118
-0.585172156487
0.599002627009
-0.0944186046512
-0.943952559404
0.474238125744
0.208697194025
0.671215926047
0.920654743321
-0.982891667165
0.832455460883
-0.665319676722
0.551848428835
0.187378451964
0.873864668483
-0.135619938033
-0.440077497924
0.504680242944
-0.0287666748506
0.775747649036
-0.821702490294
-0.990910238606
-0.378924418605
0.818790560472
0.780478500191
0.756346826587
0.778832438601
0.693586976919
-0.380770230624
-0.843224652634
0.994884910486
0.188600451467
-0.830955620912
0.934830471158
0.752636756107
-0.767604893267
0.555326305079
0.5302725806
-0.985125329815
0.34978077351
0.844457607496
-0.958862673926
-0.721058522546
-0.610731808624
-0.978538415778
0.90081926983
0.335920320786
-0.231277967886
0.0282969692457
0.52619809299
-0.626332603467
-0.992543879961
0.0359386881178
0.631913065173
-0.841036414566
-0.908204562178
0.10325803649
-0.150002224892
0.890549648046
0.905563909774
-0.554960491659
-0.773557313735
-0.938822097093
-0.310620437956
0.901275651692
0.331811263318
0.816078410369
-0.506636155606
-0.856047897264
-0.251277558768
-0.656300404652
-0.769141670328
0.999660737653
0.894120641385
-0.370138559157
0.998381022771
0.943064305242
0.694253731343
0.849686609687
0.795495885665
-0.736600438951
-0.712512788577
0.935635667571
0.168656778085
0.352404280757
0.0649007066073
0.645064377682
0.94820335738
0.448158882814
-0.693021185026
0.647344559585
-0.138699748158
0.312741460429
0.176338915603
0.583203732504
-0.998100229283
-0.560222703371
0.564988142691
0.990475739196
0.681218330642
0.989921551536
-0.16197363697
-0.0123481378212
0.0339808818995
-0.370886235866
0.995766817973
0.999011680144
0.811774499376
0.0987037326253
-0.19207194309
0.542136486858
0.988848399701
-0.939616456319
-0.961757412775
0.7952932387
-0.771404109589
0.625767731441
-0.998085590077
-0.939895356442
-0.961192720895
0.903142361621
0.810996164129
-0.681453885934
0.0300708005913
-0.73311680353
-0.116734932709
0.982454790304
-0.65376901478
0.999199950766
-0.999394673123
0.999842527951
0.871401980091
0.137267048681
0.711013593064
0.121099529806
-0.996873525248
-0.309408926417
0.8077356365
-0.777941925624
-0.594117277355
-0.554997070523
0.98533696776
0.555666895206
0.231597551795
0.402662647576
0.933519020743
-0.584259623289
0.104532186204
-0.112156201349
-0.855986944992
0.776435045317
0.986487087167
-0.819721797776
0.997342099741
-0.983321405234
0.335447377443
-0.96723326919
0.665335827706
0.907906028749
0.641429647222
0.397504456328
0.755762062267
-0.842699479893
-0.200578007738
0.515166151468
-0.747105966162
-0.939291688297
0.61545402346
-0.345143233454
-0.446373354537
0.526646190322
0.780504718546
-0.540512767816
0.971450485768
-0.822289274658
-0.820188556567
-0.650286626086
0.915741615494
0.644242641494
-0.95798688371
0.423918818404
-0.775499163962
-0.600555663872
-0.697928760507
0.671335200747
0.999866381614
-0.406988810051
-0.789365664551
-0.407437612135
0.997815003642
0.903766678474
0.0854207289636
0.543523423704
-0.947962778932
-0.694478377718
-0.768168069975
-0.484945000821
-0.430863459815
-0.77647349901
0.613636363636
-0.30985915493
0.379720501108
0.746723460026
-0.905066530194
0.984822934233
-0.509184685578
-0.0144519289651
-0.183809661976
0.720300923287
-0.734553986291
0.454274606693
0.98345323741
-0.983201336468
0.414154652687
0.844620703681
-0.913971660373
0.0929220287661
0.841683266932
0.981055676067
0.574164408311
-0.996838777661
0.558123796137
0.574574413206
0.69394959935
-0.53661237785
0.0548808868954
0.273655511601
0.884823513254
0.527417692683
-0.133667837431
0.713049003256
0.225457839902
0.99865060241
-0.0591385509907
-0.535786604361
0.311957445237
-0.133723419438
0.837169107614
0.312739491835
0.998795576481
-0.2
-0.963080428624
0.783181981427
0.705900464032
-0.817166922923
0.813527131783
-0.896899470062
0.814085447263
-0.688724023772
-0.324981132075
0.373109623053
0.653355619345
0.597422851737
-0.979583893567
0.990383063865
0.950103879296
0.292841987019
-0.591780354707
-0.728091397849
-0.872833780815
0.912397555819
-0.829707950999
-0.840810900631
0.959109085437
0.467989363878
-0.742560031172
-0.608122597348
-0.99189242634
-0.588082777164
0.63486457582
0.450449425418
0.40524482688
0.999176307612
-0.697828073382
-0.754720171335
0.271063932741
-0.274580250427
0.998331338194
0.822708060783
-0.635112621618
-0.995244706699
0.208879959028
0.524966878341
-0.355575785162
0.967196414018
0.115063161924
-0.206711675933
0.12719028589
0.957542988832
-0.0665808350193
-0.968307673206
0.975520156047
-0.693075200544
-0.543029533185
0.647081176079
0.051902076083
0.169659120479
-0.556208111656
-0.477824219204
-0.969649738061
0.889977134146
0.612207151665
-0.676521488318
0.956195665483
-0.754674153276
0.356411645613
-0.983631280806
0.795358649789
-0.346465992369
-0.26163981127
0.75197138444
0.757499571453
0.992864662534
0.583228078233
0.569760689508
-0.969329263753
0.442595330606
0.947133027523
0.97822012538
-0.650613509778
0.919637883008
-0.7666542091
-0.769576957696
-0.387252680864
0.483104951728
0.730912476723
-0.846616653049
-0.73695482866
-0.733107023258
-0.812891674127
0.981533012902
-0.636815920398
-0.0672918083763
-0.931464054304
0.906744639376
-0.89671163575
-0.690932868352
0.761387526279
-0.931303465275
0.287545026323
-0.99857906742
0.828133756772
-0.439274355048
0.996610169492
0.52353400253
-0.726777374157
0.890353969821
-0.826604409493
0.868059718535
-0.485940246046
0.18975835164
-0.513591499919
-0.442400023
-0.705695287655
-0.948404883813
-0.933309191864
-0.719959834877
0.548516856392
0.529433602036
0.460578987063
-0.654816901408
-0.999084347732
0.998175277618
-0.117591479127
0.966639544345
-0.90258093391
0.659221104318
0.877890772128
-0.86211475682
0.881775815551
-0.19581087535
0.364508073914
-0.711484250521
0.115142337977
0.870720737464
0.657051282051
-0.579690522244
0.604430270045
-0.790247358168
-0.712904935616
-0.541006823741
-0.310847338113
-0.743435345235
0.725732156711
0.701670154705
0.284139755318
0.260802469136
-0.57326863168
0.745308842782
0.424467237602
0.536006032424
0.861697441979
-0.0302717304942
-0.468948087998
0.945365615065
-0.553667633651
0.566270659657
-0.705478827659
-0.586454993353
0.983044835414
-0.999299853606
0.697898423818
0.867392462378
0.475539913614
-0.738212128704
-0.926795957389
0.944694020166
0.662945409865
0.996130268199
0.984863494076
-0.622464857452
-0.0549890868815
0.991612697739
-0.944145838932
0.591231930479
0.618337850045
-0.815424965167
-0.633051056991
0.816654930496
-0.846685126834
-0.748892707602
-0.994715704925
0.970916018416
-0.983336878678
-0.533826915027
0.699315932281
-0.120246317717
-0.956027615507
0.999893131946
-0.988996658244
-0.622041154537
0.349864574577
0.859038865338
0.978586572438
0.977749066896
0.825074774136
-0.813294797688
0.689014518141
-0.989931128922
0.748399814471
-0.542923146735
0.745413325496
-0.905912937662
-0.972702238895
0.62679750223
0.999095500113
-0.311981986298
-0.453953009775
-0.808232175248
-0.190395480226
0.480302783656
0.801137903007
-0.223841468116
-0.139804165371
0.96473207509
0.637960622796
0.495202336254
0.657213394948
-0.574909130169
0.920970382497
-0.675909966542
-0.623523356067
0.999119821617
0.435368475087
0.755420534806
0.793512325935
-0.696388660158
-0.579523978266
-0.408716185426
-0.604923026262
0.542881965992
-0.284995128288
0.378653272642
0.409763139288
-0.905773771196
0.610764134036
0.950077485056
0.936694984927
-0.40572285393
0.609470263955
-0.243991678026
0.652699084739
-0.318655181281
0.952938226197
-0.751116155883
-0.993602682084
0.678369222751
-0.972508143322
0.504427153206
-0.953171390013
0.4323978572
-0.442663240798
-0.71332530832
-0.628070895778
0.750101255569
0.902589395808
-0.307796763608
0.498067821632
0.666394369737
0.0354595475851
0.998574991094
0.61137196692
0.158868846298
0.977632431432
-0.863805478248
0.920569581656
0.62464627049
0.959129511677
-0.630722678508
-0.967060810811
0.899087745697
0.813612383327
-0.267550930676
0.978009478673
0.750232781242
0.342091965639
0.966271574132
0.840102811449
-0.986596009975
-0.968331750942
0.844152431012
-0.326400629054
0.793525299601
-0.166729717646
-0.508121747358
0.0706510983574
0.17057634593
0.470680885972
0.0785744954916
0.289340917125
-0.98086402981
0.851784413693
0.826512927528
0.740416809019
-0.622763248451
0.133694344164
-0.158316885735
0.760828063477
0.875421083537
-0.880769098001
0.651978395288
0.836418511066
0.864313703058
-0.075747766412
-0.892404706942
-0.724011508007
-0.277042825498
0.990018376211
0.721923844936
-0.149030641403
-0.683188676087
-0.119108253663
0.601683793488
-0.629382992516
-0.789087014992
0.50907071455
0.227848101266
0.660857843137
-0.993577892381
0.0685611612842
-0.908918645781
-0.457322601027
0.991800343741
-0.163632383524
0.657099324658
0.951335364761
-0.599904299679
0.855870683321
0.850221724895
0.568967032967
0.08357665778
-0.865742731452
0.754667601355
0.487390761548
-0.957173943238
-0.658407703147
0.438082331018
-0.0563520114372
0.371400494327
-0.67561963069
0.568884849709
0.98414430976
-0.711441199253
0.054462474645
-0.955491278298
0.493442556798
-0.737994671519
-0.91032974428
0.8629710811
-0.814676889376
-0.809676180724
-0.644614016891
-0.425475122785
-0.187842591835
0.920886551465
-0.192864798653
-0.128739856071
0.976582827407
-0.162882228277
-0.987917108051
-0.848331683868
-0.990638712823
0.352992277992
0.233309755699
0.593581376227
0.243599864667
0.70369752386
0.892441034385
0.492907364006
0.911040369412
0.639836739594
0.334928519506
0.867626380984
-0.999556803073
0.67451515827
0.688426353871
0.611711094721
0.949186250787
-0.852054521938
0.878036947192
-0.300180205157
0.66056178276
0.259956727302
-0.62475571686
0.829478519319
-0.471034804952
-0.740922972514
0.776390062993
-0.852233876108
0.993677434188
-0.808560677328
0.0989290161893
0.470208597442
-0.428907528642
0.335742159272
-0.866770659765
0.270351688384
-0.920789119713
-0.577925514322
-0.0147903726708
0.204661956221
0.80445919199
-0.937432468936
-0.616964081446
0.202733286908
0.999834024896
0.828225772457
0.956317557994
-0.114567404427
0.872516092919
0.975887883008
-0.992597069044
0.475630875804
-0.363349237282
-0.760526315789
-0.751770120368
-0.566148559556
-0.981762702242
-0.112178894844
0.465486995653
0.965642014135
0.998118311184
-0.741397021058
0.583690840994
0.468536707175
-0.0303112105202
-0.420990911756
-0.999830852503
-0.220886075949
0.488690864716
0.752486721391
-0.786898569571
0.0659894767612
-0.329563689157
-0.842282297247
-0.663591900864
0.371546675853
0.305386436665
0.578043491003
0.967704280156
-0.150958466454
-0.875286873776
-0.98649266594
0.178745253249
-0.194083756127
0.904836770554
-0.662932094548
0.721538805636
-0.819985141159
0.831149881047
-0.732497911445
-0.0267047954245
-0.114414414414
-0.808081412751
-0.450736497545
0.999661621755
-0.663969627186
0.206011203677
-0.18771165941
-0.551660658127
0.232764943161
0.0568867960354
-0.978647247593
-0.671889011974
-0.547924883309
0.584226988382
-0.822837620315
-0.926098828503
-0.59903470346
-0.508193762634
0.42470890073
0.582893007537
0.935141027388
0.44756671246
0.297194875808
0.807608220376
0.921660405247
0.998735297837
0.39934284069
-0.999964249964
-0.664737951102
0.512247474747
-0.751807228916
0.731691443447
0.863332384747
-0.156354826687
0.971833172883
-0.846621176752
0.695598563234
-0.894784400188
0.354013247213
0.687667393335
-0.667599453048
0.0660926365796
-0.0218555564307
-0.509732512872
0.387605865015
-0.0120512726874
0.887128246535
-0.789615823507
-0.670533044644
-0.0166402535658
0.525146470213
0.45438746265
-0.28401180801
-0.815728858177
-0.841198955455
-0.946401810114
-0.999141659239
-0.435092886271
0.66416236062
-0.984378755107
0.30092398152
-0.384717928355
-0.972730424065
0.995659662418
-0.508002590434
-0.567106918239
0.324601411141
-0.406816337571
-0.287258045363
0.98231878629
0.763711495116
0.39451916043
-0.999857356822
0.945373242557
0.957175594386
0.46056982956
0.843081829383
0.99205474419
0.383850853037
-0.160609531744
-0.207047357241
0.195917992093
-0.978901782244
-0.237939352171
0.333374154242
0.863014400656
-0.461680818637
-0.846683488004
0.326794092641
-0.839518918082
-0.883921074727
-0.872564598591
-0.577296919117
0.357256974315
-0.211395016664
-0.552515614822
-0.0421056769932
-0.0290222597915
-0.073435344287
-0.717385648124
0.969189629113
-0.651103419496
-0.445605653429
0.889715632827
0.752393452749
0.961467252951
0.999203483432
-0.896688856229
-0.918139403365
0.99471768987
0.783860045147
-0.22082941089
-0.509006690685
-0.918837639045
-0.965021622997
0.652793044869
0.125963046294
0.51732918376
-0.591568514795
-0.768588883922
0.403177515936
0.525636142008
-0.404615024207
0.658437409236
-0.998496835443
0.696946709653
0.997052428123
-0.236528078682
-0.978316890001
-0.485261204214
-0.997139792635
0.984777405457
-0.287873862159
0.651287104323
-0.656709396684
0.328668417345
0.756395856733
-0.589449368519
-0.130651677499
-0.894388312398
0.15234076486
-0.464584818247
0.643209007741
0.821875601772
-0.921046052303
-0.825236501237
0.968277872237
0.581621025547
0.451878388846
-0.757796578769
-0.687857922767
-0.475285920862
-0.773079658606
0.661928262769
0.946165884194
-0.597954225802
-0.431120988652
0.345337218984
-0.638417822232
-0.712502484596
-0.653907722955
0.0974230279422
-0.221497949493
-0.313346052512
0.754631893507
0.739292543021
0.984237251176
-0.307284885785
-0.953540222959
0.988131358201
-0.433836433836
0.60313236524
-0.910943869552
-0.649880218156
-0.736582291776
0.997904321434
0.313082072177
0.6926088639
-0.401383957684
-0.536109503218
0.942197033224
-0.33598821094
0.939635877735
0.663283164158
-0.960100446429
0.183293672585
0.779766881424
-0.339534716995
0.280015365976
-0.163989856298
-0.711908140885
-0.792869340664
0.676971858898
0.774437057688
-0.32287588346
-0.0927322519486
-0.0585314618543
-0.864297945205
0.832003080585
-0.813241932787
1.0
0.254527627177
-0.786433473853
-0.857490864799
-0.0627522268678
0.202499571991
-0.24889604226
0.24003616364
-0.248604306711
-0.218973625026
0.382409782494
-0.540181823941
0.588270318547
0.795430393199
0.582301283495
0.934222433913
0.716790569558
0.535806308307
0.88630621526
0.544432432432
-0.740889094698
0.444745699327
0.908112206217
-0.866529520675
0.419661495969
-0.71216524808
-0.59677038204
0.859873823897
-0.784920915264
-0.718477206596
0.390674922951
0.487157705377
0.77727159778
0.999803033287
0.649657503244
0.880709490588
-0.937519642969
0.344939798243
0.565396188566
-0.455281062157
-0.909935167338
-0.753307584847
-0.587113666116
0.31463731371
0.482134947586
0.615645210964
-0.578039617486
0.831275217019
0.238933463498
0.3588
0.419950163526
-0.951753994466
0.653805907173
-0.818053701231
0.732532854307
-0.121882857261
-0.995497856857
-0.77272280874
0.156511229731
-0.2555179834
0.400667986145
-0.749933914882
0.818876921812
0.554036706797
-0.345366870846
-0.403842003022
-0.43817538491
-0.967404946475
-0.909406106699
-0.391535578124
-0.478481769277
0.66475957549
-0.694243714796
0.836237066342
-0.261794292753
-0.930121203053
-0.79519271252
-0.680433572863
-0.613592852585
-0.206942375065
-0.779741997133
-0.600950639854
0.627820815089
-0.00635073113459
0.53941348327
1.0
-0.829654782117
-0.558493506494
-0.698170442696
-0.557100297915
0.606062830299
0.91710003059
0.183978605725
0.434948142313
0.749438497214
0.829987387009
-0.361578002611
0.132495105237
0.938752856676
0.578106867148
-0.566600769395
0.825635330241
-0.980999146029
-0.903366785367
0.926065488565
-0.748057354302
0.368307233408
-0.523034685952
-0.543348662919
-0.336532049981
0.474841972187
-0.158723796545
-0.106606750167
0.718526831259
-0.985470054578
0.602327519495
-0.261470137825
0.447213859138
-0.639063090291
0.743503156658
-0.710982476118
0.113757390247
-0.397583271215
0.190552656229
-0.596392237326
-0.925844325265
-0.320674764922
0.777004011808
0.725724417899
0.701281119162
0.632583170254
0.983899406088
0.0399144907619
-0.963669973969
0.619455106022
-0.969894124303
0.444521842969
0.660241105904
-0.711828194644
0.99297274276
0.676446238228
0.276889919076
0.973909036123
0.991865476841
-0.718175050516
-0.988289382373
0.546415068863
0.235486211901
0.992621426911
0.948585077527
-0.771424604277
0.543809595315
-0.685023465811
-0.733090081607
-0.118340360291
-0.53029604353
-0.482701981316
0.0214314597655
-0.881097275536
0.553784308289
0.466219358267
-0.694077631052
0.892287234043
0.181482165958
-0.312200739439
-0.612500772034
-0.888805296419
-0.667497625831
-0.99984204707
0.0291448021557
-0.886366246794
-0.540142142669
0.753491724987
0.712061916526
-0.42390811546
0.998866101361
-0.733081860151
-0.92947599909
0.996986655187
0.0844915202351
-0.732438626751
0.0327039615365
-0.170062893082
-0.54428807947
0.123890444771
-0.985047660582
-0.700839109814
0.951997614788
-0.370607689128
-0.903992162626
0.913640824338
-0.433475392609
-0.57283104263
-0.999798873693
0.91673040153
0.998345615882
-0.0419030428056
0.980710831178
0.999892872447
0.67370381869
-0.285507795024
0.839934587081
0.667380136986
0.205889348746
0.354773286977
0.993865030675
-0.339831835793
-0.516718134384
0.851861695059
0.87245243288
0.995897903373
-0.905583416917
0.701852176966
-0.59013959014
0.875685954904
0.519764216366
-0.637100422195
-0.491904025907
0.565372707788
0.685381012012
-0.357200115433
0.98231435509
-0.47840551298
-0.348913269705
-0.359830622654
0.987072021352
-0.316622889306
0.352135849994
0.989198548813
0.964339483395
0.906527340395
0.550903733673
-0.673478645467
0.58456379968
0.18590291631
-0.824757320931
-0.727585441633
-0.0507446029366
-0.78230509515
0.424876394394
0.979959751803
-0.625417326672
0.744824367894
-0.551019875841
0.0551237549049
0.450065661935
-0.535746318317
-0.237366193677
0.999222715011
0.441808394074
-0.665004285826
0.763022622291
0.987399569741
0.0081352350766
0.905492301339
-0.108149193767
-0.487065859634
-0.939069423929
-0.258825762369
-0.51480399184
-0.394617780128
0.796574872599
0.934113083343
0.930438842204
-0.671412703221
0.385760257442
-0.50480698986
0.716929869248
0.0207882920339
0.750322335988
-0.850927897779
-0.73643006263
-0.822973046854
-0.630800176347
-0.890504780965
-0.833121954476
0.883818800832
-0.823009284276
0.906988394423
0.967787298057
-0.163637543814
0.435116177115
0.987684257546
-0.413066473667
-0.473472976072
-0.746005208501
0.944253859348
-0.573803985667
0.27029939198
-0.727662279566
-1.0
0.9428007218
0.998345781743
0.650628366248
-0.779302598164
-1.0
-0.606037715488
-0.494957445762
-0.189517660463
-0.125072087659
-0.643578420776
-0.958544567798
-0.979292493529
0.958047292143
0.622442803535
0.097284092542
0.667119673835
0.710434864281
0.550248839446
0.108829781718
-0.529797178867
0.0451655037294
-0.373639612867
-0.0260872362326
0.212675535846
0.989355635811
0.926809564843
-0.860527712488
-0.85965350398
0.663186523952
0.963385946274
0.778979907264
-0.837766876252
0.986843715579
0.953263274336
-0.602441196501
-0.170987084871
0.966554370854
-0.986701861071
0.759848824547
0.0180097989525
0.484891535982
-0.419889166311
-0.939288312318
-0.2156143684
0.85515049872
0.759316217179
-0.944706532364
-0.725115175206
-0.594377100947
-0.793777962751
0.681982348298
-0.361746603182
-0.812118852991
-0.327386312472
0.278888600364
-0.771412721893
0.806148670747
-0.701027451157
-0.368970255115
0.750006519755
-0.525062476661
-0.725290794284
0.405784361127
0.685975492644
0.835610889057
-0.0671753016324
0.936221172928
-0.860976949996
0.927974224071
0.753645377661
0.0938193766095
0.716333712866
0.800682106599
0.998028293981
0.879462019963
0.564353499407
-0.608553459119
0.83054666496
-0.411332512694
0.498427123383
0.0835729346368
-0.781068603364
-0.848075855294
0.405555175481
-0.440869986672
0.536565811489
0.906032382863
-0.52550510102
-0.555836422874
0.162432549529
0.700942915392
-0.932553699284
0.0551050890857
-0.747067981318
0.601056698999
0.998612973323
0.993859365622
-0.266995833976
0.430117222723
-0.0423632590736
-0.351140745501
0.872908717347
-0.949684699635
-1.0
0.752055306428
0.610361340879
-0.999662227369
0.84565368348
-0.715775988287
0.275725633514
0.785989662164
0.999309842414
0.934417344173
-0.769899980606
-0.241549770488
0.550582231753
-0.491624365482
0.0754103437597
-0.963434903047
0.916411199673
0.921256515002
0.90682962781
0.624261349988
0.948080640707
-0.985030310528
0.365123577874
-0.555497790486
-0.959417596035
0.99859763936
-0.907559266438
-0.868013255484
0.786566550093
-0.346748208062
0.549667750601
0.733479233075
0.982937335936
-0.927724283701
0.878565703939
-0.193554496386
0.808906271442
-0.931028529501
0.65016146394
-0.918182906392
-0.932168123179
-0.271548030612
-0.898494576046
0.667642926876
0.686034698343
-0.52174493063
0.915240706675
0.99607302059
0.376166819606
0.965848042978
-0.486093126845
-0.983969711616
0.962568008705
-0.742141749232
-0.979470198675
-0.852886788576
-0.877741610478
0.252583887866
0.688406822847
0.812322972227
0.720150432062
-0.079535271761
0.991640066879
-0.763639775865
-0.171870300186
0.810850860421
0.860048444769
0.510563629918
0.956828819793
0.789793069968
-0.204588153861
-0.970292223553
-0.135809690943
0.172863924051
0.375898685438
-0.641516577424
0.955243714453
0.53366722315
0.999713396659
0.985086910719
0.419336706015
-0.344510680576
0.956933734152
-0.166772594382
-0.402773869347
-0.125547765118
-0.695150166362
0.589152925962
-0.888019573814
-0.917832360392
-0.951282960861
-0.995796695333
0.0934461720134
-0.18537195249
-0.962058051567
0.0381318963305
0.427656410843
-0.427511557733
-0.801485319516
-0.737969066391
0.8141385479
-0.822723153602
0.610468437589
0.976641379687
0.93035117345
-0.983112183353
-0.575172847266
-0.999148694665
0.861621200863
-0.857280781463
-0.578816448116
-0.718412598729
-0.933295079616
-0.903997911106
-0.078705172961
-0.694958886306
0.879117353486
0.999092833384
0.562028047465
-0.0878186968839
-0.865535824719
-0.909834193578
-0.874114671164
-0.510078828829
0.979461756374
-0.260473510076
0.0220383935337
0.607446576537
-0.991200208279
-0.832740213523
0.952099256622
-0.756989845597
0.633941439066
-0.0729209340434
0.7423387786
-0.529328097461
-0.752177426596
-0.534419501275
-0.658495565027
-0.824801845028
0.698377234243
0.94449499545
-0.693267794323
0.929306371515
-0.916802420293
-0.634682268812
0.989728159369
0.968924954394
0.890336506958
-0.945954182963
-0.852220740857
0.29588080631
0.12003961478
-0.95496297238
0.862373814622
0.969922151451
-0.621135646688
-0.320870732914
-0.823737942785
-0.899160859053
-0.166388259158
-0.230483949416
-0.997433017808
-0.747362363322
-0.0817044996149
0.877851888792
-0.916869865326
-0.290471427189
0.621375661376
-0.831893304976
-0.996320331839
0.973271065183
-0.976599929396
0.978482446206
-0.53310266256
0.0674772600705
-0.797375484641
-0.365686944634
-0.850753370341
0.561302287245
0.904129334954
0.78418381731
0.647291723948
-0.675434498225
0.398265532422
-0.92374288425
0.967768147346
-0.960088272383
0.777919803058
-0.91842772612
0.99375835934
0.385351490615
-0.621340250142
-0.898857760284
-0.740085543199
-0.885884446878
-0.560016309632
0.486364278649
0.99965667762
-0.448454616588
0.507499506611
0.999902348518
0.846705231388
0.8343123518
-0.735970053082
0.22503693404
-0.658340455287
-0.685634439291
-0.972774666924
-0.937118039398
-0.316463944396
-0.488290218889
-0.382042462341
0.442772772341
-0.0454790386895
0.353086072208
0.174819185383
-0.590923595107
-0.43013215859
0.920918183781
0.699329663742
0.137633045277
0.600645914186
0.912678169542
0.715302984123
-0.602222688195
0.654090496564
-0.265179034769
0.796624963631
-0.998578717201
0.369242817287
-0.988447539168
-0.668876505252
-0.873512076736
0.875202593193
0.738480739391
-0.742806135632
-0.0526878844611
0.268020607144
0.988823398577
0.976306160398
0.0532988272292
-0.396424538954
-0.227908287254
0.993525603296
-0.997585901666
0.631220450357
-0.906425925386
0.741014248506
0.98174567282
0.491598360656
-0.23656927427
0.784932810084
-0.643862236894
0.832296115518
-0.814569761129
0.47047035247
-0.979680873783
-0.654318820225
0.899192849967
-0.959894779442
0.638202571883
-0.762726991864
0.400746001737
-0.855248235887
0.822847252272
0.995743844945
0.728770841411
-0.477253300408
-0.937349755157
-0.875448361163
0.600595161082
0.484860078706
0.669488145358
0.831776692847
0.842568078669
-0.762847354397
0.675660675405
-0.600244498778
-0.882936074058
-0.828354946816
0.668027693946
0.997051744886
0.615249780894
-0.881254446289
0.0220624578746
0.997252166561
0.804391095324
-0.46117114853
0.795390822677
-0.997839103228
-0.90379894312
-0.635419513528
-0.980754779995
0.851981320152
-0.997049291346
0.129325513196
-0.846903820817
0.917561672959
0.998853246552
0.631989428409
-0.995830851697
0.824725943971
-0.733984699051
0.741507870754
0.983211409926
0.771105208454
-0.933082872928
0.722111421354
-0.80053597816
0.986437863272
-0.885634886704
-0.156412101019
-0.608967496039
0.855924060216
0.496932744819
0.0135614222283
0.84141367133
0.493382602466
-0.699665601
-0.910341248216
-0.177323605384
0.965972731837
0.999789526856
0.9762583666
0.521060543065
-0.740824618664
0.0455577119174
0.677783478707
-0.902946969144
-0.512792848335
0.498338870432
-0.569107119329
0.398062730627
0.997816764133
0.888160148794
0.0858822752197
-0.678955453149
-0.413144002946
-0.557179771133
-0.517798771508
-0.994352002165
0.556984821199
-0.78363594576
0.750713309516
-0.433569381217
-0.664577443199
-0.808139205351
-0.0983522142122
0.326385994164
-0.395269849184
0.944776190704
-0.612107623318
-0.538172586202
0.885961901493
-0.0909974486697
-0.93434841021
-0.771008011925
0.90307808243
0.999560922064
0.284466129581
-0.739443228026
-0.303783096417
0.748887839551
-0.747033639144
-0.243179645562
0.795080497687
-0.816392570593
-0.86812967581
-0.0847809948033
0.175975372244
-0.846000607759
-0.939105613701
-0.95936362613
-0.545181231632
-0.829523918911
-0.581225289528
-0.9969372754
-0.563491720351
-0.893600649767
-0.984850185164
0.495102165761
-0.927354143118
0.76501043196
-0.554700315457
0.748073911682
-0.835295262185
0.867666458377
-0.644874922004
0.567239101717
0.824854803723
-0.479515602665
0.493375311557
-0.125517744127
-0.644653717873
0.871960385534
-0.509194781571
-0.262628336756
0.304811913575
0.779812061587
-0.923450841153
0.0553507348965
0.446648155494
0.976996064313
-0.368035574156
-0.966687829107
0.617853775606
-0.379034504716
0.761618057185
0.640286889259
0.641174840676
-0.745422535211
0.872540846949
-0.0799789529071
0.509745053647
-0.524367482372
-0.782714678022
0.210785910381
0.160554947902
-0.324753998526
0.782543426978
-0.483674813122
-0.999723737827
-0.643792636258
-0.207623060716
-0.603833865815
-0.712946294629
-0.908726950764
0.963151097718
0.428133113052
0.97813257882
-0.494606327698
-0.669349540079
0.814696672617
-0.772893104706
-0.864825535415
-0.464574258163
-0.842776493989
-0.810984858565
-0.906559797511
0.363982554355
-0.851440822246
0.635724050548
-0.822815007591
0.199635369189
-0.823033319508
-0.72751720826
0.615948538147
-0.660197423457
-0.49159248269
0.710805848797
0.810044706554
-0.451691240243
-0.999903880042
0.999930541085
0.317545793758
0.84825654034
-0.142761230469
-0.991552270327
0.526998211583
-0.108414239482
-0.537636188112
-0.374363285693
0.926015744506
-0.308471501285
-0.0948013756667
0.558098591549
-0.628333850878
0.876300779379
0.345206457499
0.702612460556
-0.551914692733
-0.528075058101
0.0707123509005
-0.850063970082
0.835888243293
-0.996814329507
-0.92367851407
0.40332197615
-0.804015214345
-0.120502551515
0.3235879609
0.485845867838
-0.996100053792
-0.998027127004
0.712423057097
0.530715266694
-0.949792414327
0.931355372376
0.816579282981
-0.983190586729
0.457496043713
-0.585534644274
0.968127830471
-0.625296973453
-0.0876693416171
0.786717208835
0.999603556663
0.641889876514
-0.975718928199
-0.702299921187
0.52100818433
-0.880038387716
-0.805047385233
-0.824799506477
-0.991606435066
-0.0506391909941
-0.750174070464
0.908452470529
0.00886898489638
-0.0539823947396
0.451452908513
-0.0388362606614
-0.147039013523
0.260414738011
0.946241031507
0.797436074161
-0.241838321026
0.104530946434
0.942356442191
